14.8769 6.56434       5  14.878 6.56612 5.00105
14.8229 6.87381       5 14.8243  6.8758 5.00132
14.7592 7.18143       5 14.7612 7.18396 5.00199
14.6858  7.4869       5 14.6883 7.48968  5.0025
14.6029 7.78991       5 14.6059   7.793 5.00333
14.5106 8.09017       5 14.5138 8.09365 5.00414
14.4088 8.38738       5 14.4131 8.39104 5.00436
14.2978 8.68124       5 14.3028 8.68578  5.0044
14.1775 8.97148       5 14.1829 8.97621 5.00496
14.0483 9.25779       5 14.0543 9.26278 5.00572
13.9101  9.5399       5 13.9167 9.54627  5.0066
13.7631 9.81753       5 13.7704 9.82358 5.00741
13.6074 10.0904       5 13.6153 10.0976 5.00772
13.4433 10.3583       5 13.4517 10.3666 5.00753
13.2708 10.6208       5 13.2792 10.6309 5.00727
13.0902 10.8778       5  13.099 10.8867 5.00789
12.9016 11.1291       5 12.9107 11.1389 5.00759
12.7051 11.3742       5  12.715 11.3863 5.00628
12.5011 11.6131       5  12.511 11.6278 5.00471
12.2897 11.8455       5 12.2995 11.8613 5.00469
12.0711 12.0711       5 12.0813 12.0879 5.00456
11.8455 12.2897       5 11.8558 12.3074 5.00336
11.6131 12.5011       5  11.623 12.5209 5.00158
11.3742 12.7051       5 11.3843 12.7255 5.00051
11.1291 12.9015       5 11.1389 12.9223 4.99999
10.8779 13.0902       5 10.8879 13.1111 4.99941
10.6208 13.2708       5 10.6311  13.292 4.99942
10.3583 13.4433       5  10.368 13.4657 4.99781
10.0904 13.6074       5 10.0998  13.631 4.99584
9.81754 13.7631       5 9.82652 13.7869 4.99578
9.53991 13.9101       5  9.5488 13.9339 4.99507
 9.2578 14.0483       5 9.26649 14.0719 4.99485
8.97149 14.1775       5 8.98009 14.2008 4.99508
8.68125 14.2978       5 8.68951 14.3213 4.99361
8.38739 14.4088       5 8.39577 14.4331 4.99206
8.09018 14.5106       5 8.09937 14.5345 4.99276
7.78991 14.6029       5 7.79878 14.6272 4.99207
7.48689 14.6858       5 7.49658 14.7093 4.99335
7.18142 14.7592       5 7.19169 14.7818 4.99305
6.87379 14.8229       5  6.8848 14.8437 4.99413
6.56432 14.8769       5  6.5752 14.8971 4.99421
 6.2533 14.9212       5 6.26482 14.9405 4.99596
5.94104 14.9556       5 5.95288 14.9759 4.99748
5.62786 14.9803       5 5.63784 15.0026 4.99839
5.31405 14.9951       5  5.3234 15.0187   4.999
4.99994      15       5 5.01057  15.022 4.99939
4.68582 14.9951       5 4.69775 15.0154 4.99852
4.37202 14.9803       5   4.382  15.004 4.99824
4.05883 14.9556       5 4.06882 14.9811 4.99931
3.74658 14.9211       5 3.76026 14.9422   4.999
3.43556 14.8769       5 3.44737 14.9004 4.99949
3.12608 14.8229       5 3.13578  14.849 5.00045
2.81846 14.7591       5 2.82722 14.7866 5.00159
2.51299 14.6858       5 2.52253 14.7132 5.00332
2.20997 14.6029       5 2.22245 14.6278 5.00248
 1.9097 14.5105       5 1.92028 14.5383 5.00412
1.61249 14.4088       5 1.62407 14.4356 5.00341
1.31862 14.2977       5 1.32661 14.3275 5.00343
1.02838 14.1775       5 1.03607 14.2071 5.00223
0.74206 14.0482       5 0.749688  14.0788  5.00229
0.459944    13.91        5 0.466132  13.9421  5.00179
0.182308   13.763        5 0.188444  13.7954  5.00118
-0.0905727    13.6073          5 -0.0856971    13.6399     5.0006
-0.35843  13.4432        5 -0.355052   13.4766   5.00026
-0.620998   13.2707         5 -0.619134   13.3046   4.99905
-0.878019     13.09         5 -0.876443   13.1246   4.99927
-1.12924  12.9014        5 -1.12692  12.9356  4.99902
-1.37441   12.705        5 -1.37222  12.7384  4.99863
-1.61329   12.501        5 -1.61088  12.5347  4.99905
-1.84564  12.2895        5 -1.84655   12.324  4.99729
-2.07124  12.0709        5 -2.07313  12.1067  4.99832
-2.28986  11.8453        5 -2.29226  11.8818  4.99741
-2.50128  11.6129        5 -2.50467  11.6506  4.99863
-2.7053  11.374       5 -2.70983   11.412  4.99856
-2.90172  11.1289        5 -2.9064  11.166 4.99781
-3.09033  10.8776        5 -3.09647  10.9161  4.99763
-3.27097  10.6206        5 -3.27959  10.6616  4.99866
-3.44344   10.358        5 -3.45412  10.3993  4.99907
-3.60757  10.0902        5 -3.61859  10.1309  5.00016
-3.76321  9.81727        5 -3.77369  9.85733  5.00062
-3.91021  9.53963        5 -3.92299  9.58061  5.00088
-4.04841   9.2575        5 -4.06247  9.29883  5.00117
-4.17768  8.97118        5 -4.19148  9.01276  5.00137
-4.29789  8.68094        5 -4.31203   8.7217   5.0017
-4.40892  8.38706        5 -4.42262  8.42757  5.00315
-4.51067  8.08984        5 -4.52499  8.13017  5.00387
-4.60304  7.78957        5 -4.61712  7.82979  5.00449
-4.68592  7.48655        5 -4.70166  7.52692  5.00452
-4.75925  7.18107        5 -4.77769   7.2222   5.0045
-4.82294  6.87344        5 -4.84295   6.9147  5.00437
-4.87694  6.56397        5 -4.9014  6.6055 5.00416
-4.9212 6.25294       5 -4.94616  6.29464  5.00446
-4.95566  5.94069        5 -4.98257  5.98149  5.00381
-4.98029   5.6275        5 -5.01056  5.66818  5.00387
-4.99508  5.31369        5 -5.03068    5.355  5.00459
     -5 4.99958       5 -5.03386  5.04015  5.00427
-4.99505  4.68547        5 -5.03206  4.72589  5.00485
-4.98024  4.37166        5 -5.01436   4.4122  5.00574
-4.95558  4.05848        5 -4.98974  4.09854  5.00595
-4.92109  3.74622        5 -4.95344  3.78607  5.00669
-4.87681   3.4352        5 -4.91256  3.47411  5.00683
-4.82279  3.12573        5 -4.85748  3.16408  5.00758
-4.75906  2.81811        5 -4.79387  2.85583   5.0072
-4.68571  2.51264        5 -4.71889  2.54938  5.00598
-4.6028 2.20962       5 -4.63756  2.24479   5.0047
-4.51041  1.90936        5 -4.54304  1.94476  5.00523
-4.40864  1.61215        5 -4.44534  1.64672  5.00502
-4.29758  1.31828        5 -4.33505  1.35194  5.00447
-4.17734  1.02805        5 -4.21215  1.06159  5.00432
-4.04805 0.741736        5 -4.08107 0.774832  5.00347
-3.90983 0.459624        5 -3.94006  0.49251  5.00339
-3.76281 0.181994        5 -3.79403 0.214173  5.00312
  -3.60714 -0.0908813          5   -3.63827 -0.0592437    5.00314
 -3.44298 -0.358732         5   -3.4752 -0.327746   5.00243
 -3.27049 -0.621295         5  -3.30231 -0.590775   5.00199
 -3.08984 -0.878309         5  -3.12106 -0.847978   5.00236
 -2.9012 -1.12952        5 -2.93072 -1.09933  5.00157
-2.70476 -1.37469        5 -2.73313 -1.34378  5.00273
-2.50072 -1.61356        5 -2.53157  -1.5832  5.00237
-2.28928  -1.8459        5 -2.31977 -1.81607  5.00181
-2.07064 -2.07149        5 -2.10222 -2.04272  5.00159
-1.84503  -2.2901        5 -1.87694 -2.26151  5.00156
-1.61266 -2.50152        5 -1.64541  -2.4735  5.00125
-1.37376 -2.70553        5 -1.40766 -2.67826   5.0016
-1.12857 -2.90194        5 -1.16552 -2.87569  5.00135
-0.877338  -3.09054         5 -0.916052  -3.06627    5.0005
-0.620302  -3.27117         5 -0.658434  -3.24751   5.00087
-0.357719  -3.44363         5  -0.3953 -3.41993  5.00188
-0.0898479   -3.60776          5 -0.125633  -3.58394   5.00186
0.183046 -3.76339        5 0.148171 -3.73991  5.00362
0.460694 -3.91037        5 0.424671 -3.88693  5.00295
0.742822 -4.04856        5 0.706217 -4.02737  5.00304
 1.02915 -4.17782        5 0.996271 -4.15421  5.00103
  1.3194 -4.29802        5   1.2877 -4.27562  5.00196
 1.61328 -4.40905        5  1.58082 -4.38592  5.00006
  1.9105 -4.51078        5  1.88454 -4.48614  5.00047
 2.21078 -4.60314        5  2.18392 -4.57755  4.99976
  2.5138 -4.68601        5  2.48505 -4.66329   5.0028
 2.81928 -4.75933        5  2.78792 -4.73632   5.0025
 3.12691 -4.82301        5  3.09429 -4.80313  5.00328
3.43639  -4.877       5 3.40466 -4.8555 5.00022
 3.74741 -4.92124        5  3.72024 -4.89941   5.0006
 4.05967 -4.95569        5  4.03188 -4.93101  5.00125
 4.37286 -4.98032        5  4.34773 -4.95393  5.00211
 4.68667 -4.99509        5   4.6654 -4.96635  4.99839
5.00078      -5       5  4.97675 -4.97304  5.00129
 5.31489 -4.99504        5  5.29052 -4.96792  5.00056
  5.6287 -4.98022        5  5.60573 -4.95249  5.00098
 5.94188 -4.95554        5  5.91691 -4.92943  5.00177
 6.25414 -4.92105        5  6.22988 -4.89418  5.00107
 6.56515 -4.87676        5  6.54082 -4.84984  5.00107
 6.87462 -4.82272        5  6.85238 -4.79435  5.00085
 7.18224 -4.75899        5 7.16032 -4.7297 5.00207
 7.48771 -4.68562        5  7.46688 -4.65425  5.00265
7.79072 -4.6027       5  7.76965 -4.57155  5.00339
8.09098 -4.5103       5  8.07147 -4.47741  5.00295
 8.38819 -4.40852        5  8.36792 -4.37601   5.0052
 8.68205 -4.29745        5  8.66229 -4.26497  5.00427
8.97228 -4.1772       5  8.95341 -4.14351  5.00463
9.25859 -4.0479       5  9.24092 -4.01268  5.00177
  9.5407 -3.90966        5 9.52148 -3.8781 5.00434
 9.81832 -3.76264        5  9.79833 -3.72942  5.00234
 10.0912 -3.60696        5  10.0726 -3.57503  5.00324
  10.359 -3.44279        5  10.3399 -3.40712  5.00206
 10.6216 -3.27029        5   10.604 -3.23634  5.00408
 10.8786 -3.08963        5   10.861 -3.05058   5.0007
 11.1298 -2.90098        5  11.1128 -2.86555  5.00503
  11.375 -2.70453        5   11.358 -2.66321  5.00103
 11.6138 -2.50049        5  11.5965 -2.46459  5.00796
 11.8462 -2.28903        5  11.8291 -2.24677  4.99765
 12.0717 -2.07039        5  12.0548 -2.03601   5.0055
 12.2903 -1.84477        5 12.2722 -1.8022 4.99598
 12.5018 -1.61239        5  12.4849 -1.57819  5.00657
 12.7058 -1.37348        5  12.6872 -1.32997  4.99681
 12.9022 -1.12829        5 12.8851 -1.0941 5.01297
  13.0908 -0.877046         5   13.0713 -0.829642   5.00384
  13.2714 -0.620004         5   13.2554 -0.584841   5.01482
  13.4438 -0.357415         5   13.4238 -0.307606   5.00769
  13.6079 -0.089538         5    13.5927 -0.0562639    5.02026
 13.7636 0.183362        5  13.7417 0.235098  5.01048
 13.9105 0.461015        5 13.8951 0.49275  5.0227
 14.0487 0.743148        5  14.025 0.79521 5.01032
 14.178 1.02948       5 14.1626 1.05894 5.02882
14.2982 1.31973       5 14.2718  1.3785 5.01632
14.4092 1.61362       5 14.3933 1.64247 5.03315
14.5109 1.91085       5 14.4814 1.97492 5.01291
14.6032 2.21112       5 14.5877 2.23397 5.03716
14.6861 2.51415       5 14.6522 2.58111 5.00433
14.7594 2.81963       5 14.7449 2.83483 5.03669
14.8231 3.12726       5 14.7848 3.20341 4.99696
14.8771 3.43675       5 14.8652 3.44405  5.0398
14.9213 3.74777       5 14.8775 3.83227 4.98695
14.9557 4.06003       5 14.9473 4.05721 5.04628
14.9803 4.37322       5 14.9284  4.4739 4.97508
14.9951 4.68702       5 14.9927 4.67182 5.05095
     15 4.96972       5  14.974 5.03871 4.98839
