0.045 0.045 1 6.7497e-06 2.69951e-05 0 1.57831e+151 1.22842e+169 2.97047e-27 3.29878e-318 0.0169356 -0.0808199 0.0187712
0.09 0.09 0.999994 5.39903e-05 0.000215845 -5.8444e-06 1.57831e+151 1.22842e+169 2.97047e-27 3.29878e-318 0.0340064 -0.135413 0.0234693
0.135006 0.134809 1.00101 0.000188307 0.00053683 0.00101093 1.57831e+151 1.22842e+169 2.97047e-27 3.29878e-318 0.0539133 -0.174093 0.0122344
0.179994 0.179204 1.00307 0.000425212 0.000927356 0.00307101 1.57831e+151 1.22842e+169 2.97047e-27 3.29878e-318 0.0755406 -0.193845 -0.00997305
0.224931 0.22296 1.00618 0.000773402 0.0013196 0.00618173 1.57831e+151 1.22842e+169 2.97047e-27 3.29878e-318 0.0956199 -0.194809 -0.0363496
0.269781 0.265854 1.01032 0.00123671 0.00164857 0.0103197 1.57831e+151 1.22842e+169 2.97047e-27 3.29878e-318 0.110124 -0.180613 -0.0608367
0.314504 0.307674 1.01544 0.0018137 0.00185382 0.0154373 1.57831e+151 1.22842e+169 2.97047e-27 3.29878e-318 0.115914 -0.156094 -0.0791436
0.359053 0.348217 1.02147 0.00249895 0.00188248 0.0214657 1.57831e+151 1.22842e+169 2.97047e-27 3.29878e-318 0.111425 -0.125532 -0.0888645
0.403382 0.387293 1.02832 0.00328458 0.00169129 0.0283181 1.57831e+151 1.22842e+169 2.97047e-27 3.29878e-318 0.0966908 -0.0924887 -0.0893477
0.447441 0.424731 1.03589 0.00416107 0.00124921 0.0358908 1.57831e+151 1.22842e+169 2.97047e-27 3.29878e-318 0.0732618 -0.0601209 -0.0819274
0.491182 0.460376 1.04407 0.00511747 0.000538845 0.0440664 1.57831e+151 1.22842e+169 2.97047e-27 3.29878e-318 0.0430085 -0.0300542 -0.0679877
0.534554 0.494094 1.05272 0.00614281 -0.000444109 0.0527185 1.57831e+151 1.22842e+169 2.97047e-27 3.29878e-318 0.00860276 -0.00382294 -0.050342
0.577508 0.525769 1.06171 0.00722588 -0.00169014 0.0617137 1.57831e+151 1.22842e+169 2.97047e-27 3.29878e-318 -0.0279146 0.0181427 -0.0305769
0.619999 0.555308 1.07092 0.00835792 -0.00317425 0.0709152 1.57831e+151 1.22842e+169 2.97047e-27 3.29878e-318 -0.0646553 0.0358575 -0.0104361
0.66198 0.582634 1.08019 0.00953139 -0.00486165 0.0801887 1.57831e+151 1.22842e+169 2.97047e-27 3.29878e-318 -0.0999669 0.0493939 0.00856795
0.70341 0.607688 1.0894 0.0107412 -0.00670544 0.0894024 1.57831e+151 1.22842e+169 2.97047e-27 3.29878e-318 -0.13296 0.0594106 0.025881
0.74425 0.630426 1.09843 0.011984 -0.00865469 0.0984335 1.57831e+151 1.22842e+169 2.97047e-27 3.29878e-318 -0.163117 0.0664478 0.0410898
0.784461 0.650814 1.10717 0.0132574 -0.0106545 0.107168 1.57831e+151 1.22842e+169 2.97047e-27 3.29878e-318 -0.18962 0.0708498 0.0539167
0.824009 0.66883 1.1155 0.014561 -0.012645 0.115499 1.57831e+151 1.22842e+169 2.97047e-27 3.29878e-318 -0.211626 0.0729266 0.063433
0.862859 0.684466 1.12333 0.0158955 -0.0145636 0.123334 1.57831e+151 1.22842e+169 2.97047e-27 3.29878e-318 -0.229369 0.0734612 0.0702973
0.900979 0.697712 1.13059 0.0172615 -0.0163561 0.130592 1.57831e+151 1.22842e+169 2.97047e-27 3.29878e-318 -0.243135 0.0728192 0.0753017
0.938335 0.708565 1.13721 0.0186602 -0.017971 0.137206 1.57831e+151 1.22842e+169 2.97047e-27 3.29878e-318 -0.252847 0.0712072 0.0782828
0.974898 0.71703 1.14312 0.020092 -0.0193602 0.143122 1.57831e+151 1.22842e+169 2.97047e-27 3.29878e-318 -0.258642 0.0689287 0.079338
1.01063 0.723111 1.1483 0.021556 -0.0204831 0.148297 1.57831e+151 1.22842e+169 2.97047e-27 3.29878e-318 -0.260819 0.0660599 0.0791108
1.04551 0.726819 1.1527 0.0230525 -0.0213022 0.152703 1.57831e+151 1.22842e+169 2.97047e-27 3.29878e-318 -0.259681 0.0629809 0.0777514
1.0795 0.728164 1.15632 0.0245786 -0.0217926 0.156321 1.57831e+151 1.22842e+169 2.97047e-27 3.29878e-318 -0.255472 0.0596678 0.075555
1.11256 0.72716 1.15915 0.0261322 -0.0219326 0.159146 1.57831e+151 1.22842e+169 2.97047e-27 3.29878e-318 -0.248531 0.0562938 0.0727177
1.14467 0.723823 1.16118 0.0277095 -0.0217097 0.161181 1.57831e+151 1.22842e+169 2.97047e-27 3.29878e-318 -0.239246 0.0529694 0.0694642
1.1758 0.718171 1.16244 0.0293061 -0.0211187 0.16244 1.57831e+151 1.22842e+169 2.97047e-27 3.29878e-318 -0.228038 0.0498003 0.0661895
1.20591 0.710225 1.16295 0.0309175 -0.0201609 0.162946 1.57831e+151 1.22842e+169 2.97047e-27 3.29878e-318 -0.215223 0.0467546 0.0629258
1.23497 0.700013 1.16273 0.0325396 -0.0188402 0.162729 1.57831e+151 1.22842e+169 2.97047e-27 3.29878e-318 -0.201203 0.0439273 0.0597099
1.26296 0.687567 1.16182 0.0341683 -0.0171672 0.161824 1.57831e+151 1.22842e+169 2.97047e-27 3.29878e-318 -0.186405 0.041482 0.0568054
1.28984 0.67292 1.16027 0.0357984 -0.0151588 0.160274 1.57831e+151 1.22842e+169 2.97047e-27 3.29878e-318 -0.171107 0.0394366 0.0546024
1.31559 0.656114 1.15812 0.0374273 -0.012832 0.158122 1.57831e+151 1.22842e+169 2.97047e-27 3.29878e-318 -0.155579 0.0378494 0.0529581
1.34019 0.637199 1.15541 0.0390509 -0.0102081 0.155415 1.57831e+151 1.22842e+169 2.97047e-27 3.29878e-318 -0.140005 0.0366904 0.0518553
1.3636 0.616229 1.1522 0.0406663 -0.00730877 0.152202 1.57831e+151 1.22842e+169 2.97047e-27 3.29878e-318 -0.124515 0.0359738 0.0515602
1.38582 0.593268 1.14853 0.042272 -0.00415573 0.148532 1.57831e+151 1.22842e+169 2.97047e-27 3.29878e-318 -0.109341 0.0357933 0.0521568
1.40682 0.568387 1.14445 0.0438651 -0.000773414 0.144452 1.57831e+151 1.22842e+169 2.97047e-27 3.29878e-318 -0.0947402 0.0361367 0.0534401
1.42657 0.54166 1.14001 0.0454413 0.00281169 0.140012 1.57831e+151 1.22842e+169 2.97047e-27 3.29878e-318 -0.0808989 0.0368845 0.0552459
1.44506 0.513172 1.13526 0.046997 0.00657499 0.135258 1.57831e+151 1.22842e+169 2.97047e-27 3.29878e-318 -0.0680399 0.0379298 0.0574217
1.46226 0.483017 1.13023 0.0485303 0.0104941 0.130232 1.57831e+151 1.22842e+169 2.97047e-27 3.29878e-318 -0.0566401 0.0391489 0.0594785
1.47817 0.451291 1.12498 0.0500362 0.0145431 0.124976 1.57831e+151 1.22842e+169 2.97047e-27 3.29878e-318 -0.0470502 0.0404069 0.0612022
1.49277 0.418101 1.11953 0.0515127 0.0186994 0.119527 1.57831e+151 1.22842e+169 2.97047e-27 3.29878e-318 -0.0399252 0.041525 0.0620606
1.50603 0.383555 1.11392 0.0529554 0.0229379 0.113917 1.57831e+151 1.22842e+169 2.97047e-27 3.29878e-318 -0.0357911 0.0421774 0.061425
1.51795 0.347772 1.10817 0.0543632 0.0272369 0.108173 1.57831e+151 1.22842e+169 2.97047e-27 3.29878e-318 -0.0352965 0.0421234 0.0587705
1.52852 0.310874 1.10231 0.0557368 0.0315749 0.102313 1.57831e+151 1.22842e+169 2.97047e-27 3.29878e-318 -0.038903 0.0406814 0.0532358
1.53773 0.272987 1.09635 0.057076 0.0359285 0.0963499 1.57831e+151 1.22842e+169 2.97047e-27 3.29878e-318 -0.0452389 0.0367906 0.0447917
1.54556 0.234233 1.09029 0.0583758 0.0402689 0.0902899 1.57831e+151 1.22842e+169 2.97047e-27 3.29878e-318 -0.0526609 0.0294287 0.0337182
1.552 0.19473 1.08414 0.0596182 0.0445578 0.084144 1.57831e+151 1.22842e+169 2.97047e-27 3.29878e-318 -0.0603569 0.0181578 0.0198925
1.55703 0.154596 1.07792 0.0607833 0.0487556 0.0779219 1.57831e+151 1.22842e+169 2.97047e-27 3.29878e-318 -0.0679091 0.00313011 0.00350067
1.5606 0.113948 1.07163 0.061849 0.0528215 0.0716326 1.57831e+151 1.22842e+169 2.97047e-27 3.29878e-318 -0.074625 -0.0149046 -0.0147242
1.5627 0.0729077 1.06528 0.0627923 0.0567144 0.0652836 1.57831e+151 1.22842e+169 2.97047e-27 3.29878e-318 -0.0795016 -0.0349371 -0.0339064
1.56331 0.0315957 1.05888 0.0635869 0.060394 0.0588821 1.57831e+151 1.22842e+169 2.97047e-27 3.29878e-318 -0.0816668 -0.0559463 -0.0530655
1.56238 -0.00986504 1.05244 0.0641979 0.0638214 0.0524394 1.57831e+151 1.22842e+169 2.97047e-27 3.29878e-318 -0.0806864 -0.076857 -0.071295
1.55988 -0.0513471 1.04597 0.064582 0.0669621 0.0459717 1.57831e+151 1.22842e+169 2.97047e-27 3.29878e-318 -0.0765387 -0.0959815 -0.0874642
1.55576 -0.0927177 1.0395 0.0646961 0.0697885 0.0394959 1.57831e+151 1.22842e+169 2.97047e-27 3.29878e-318 -0.0693011 -0.112077 -0.100711
1.54999 -0.133837 1.03303 0.0644971 0.0722816 0.0330308 1.57831e+151 1.22842e+169 2.97047e-27 3.29878e-318 -0.059363 -0.124878 -0.110776
1.54252 -0.174556 1.0266 0.0639403 0.0744332 0.0265992 1.57831e+151 1.22842e+169 2.97047e-27 3.29878e-318 -0.0473831 -0.133895 -0.117317
1.53333 -0.214719 1.02022 0.0629883 0.0762442 0.0202245 1.57831e+151 1.22842e+169 2.97047e-27 3.29878e-318 -0.0339006 -0.138923 -0.120189
1.52238 -0.254166 1.01393 0.0616112 0.0777246 0.0139307 1.57831e+151 1.22842e+169 2.97047e-27 3.29878e-318 -0.0193935 -0.140696 -0.119824
1.50968 -0.29273 1.00774 0.059787 0.0788932 0.00774333 1.57831e+151 1.22842e+169 2.97047e-27 3.29878e-318 -0.0046554 -0.138933 -0.116077
1.49522 -0.330247 1.00169 0.0575094 0.0797715 0.00168532 1.57831e+151 1.22842e+169 2.97047e-27 3.29878e-318 0.0100788 -0.134424 -0.10958
1.47901 -0.366552 0.995779 0.0547829 0.0803855 -0.00422061 1.57831e+151 1.22842e+169 2.97047e-27 3.29878e-318 0.0246826 -0.12755 -0.100705
1.46109 -0.401485 0.990049 0.0516218 0.0807639 -0.00995121 1.57831e+151 1.22842e+169 2.97047e-27 3.29878e-318 0.0390289 -0.118999 -0.0899847
1.44149 -0.434889 0.984517 0.048051 0.0809351 -0.0154832 1.57831e+151 1.22842e+169 2.97047e-27 3.29878e-318 0.0524255 -0.10886 -0.0774916
1.42027 -0.466625 0.979201 0.0441121 0.0809183 -0.0207986 1.57831e+151 1.22842e+169 2.97047e-27 3.29878e-318 0.0652373 -0.0978231 -0.0639586
1.39749 -0.496564 0.974119 0.0398546 0.0807288 -0.0258813 1.57831e+151 1.22842e+169 2.97047e-27 3.29878e-318 0.0778489 -0.0863147 -0.0499601
1.37322 -0.524582 0.969287 0.0353308 0.0803809 -0.0307131 1.57831e+151 1.22842e+169 2.97047e-27 3.29878e-318 0.089787 -0.0744145 -0.035413
1.34754 -0.550575 0.964724 0.0305974 0.0798819 -0.0352758 1.57831e+151 1.22842e+169 2.97047e-27 3.29878e-318 0.100734 -0.0624638 -0.0205356
1.32053 -0.574451 0.960446 0.0257159 0.0792312 -0.0395541 1.57831e+151 1.22842e+169 2.97047e-27 3.29878e-318 0.111193 -0.0508375 -0.005801
1.29226 -0.596126 0.956469 0.0207459 0.078428 -0.0435313 1.57831e+151 1.22842e+169 2.97047e-27 3.29878e-318 0.121431 -0.0396217 0.00862323
1.26282 -0.615527 0.952811 0.0157434 0.0774715 -0.0471886 1.57831e+151 1.22842e+169 2.97047e-27 3.29878e-318 0.13114 -0.0290131 0.0226749
1.23228 -0.632596 0.949491 0.010765 0.0763528 -0.0505093 1.57831e+151 1.22842e+169 2.97047e-27 3.29878e-318 0.140313 -0.0190774 0.0363394
1.20071 -0.647286 0.946524 0.00586295 0.075062 -0.0534763 1.57831e+151 1.22842e+169 2.97047e-27 3.29878e-318 0.149117 -0.0100131 0.0494041
1.1682 -0.659561 0.943926 0.00108621 0.0735866 -0.0560739 1.57831e+151 1.22842e+169 2.97047e-27 3.29878e-318 0.157262 -0.00176475 0.0621209
1.1348 -0.669396 0.941713 -0.00352111 0.0719123 -0.058287 1.57831e+151 1.22842e+169 2.97047e-27 3.29878e-318 0.167691 0.00564636 0.074472
1.10058 -0.676756 0.939909 -0.00792631 0.070045 -0.0600909 1.57831e+151 1.22842e+169 2.97047e-27 3.29878e-318 0.197826 0.0134708 0.0870723
1.06557 -0.681521 0.938601 -0.0121298 0.0680857 -0.0613989 1.57831e+151 1.22842e+169 2.97047e-27 3.29878e-318 0.231892 0.0214719 0.0999725
1.02981 -0.683662 0.9379 -0.0161087 0.0660519 -0.0620997 1.57831e+151 1.22842e+169 2.97047e-27 3.29878e-318 0.265222 0.0292446 0.112957
0.993363 -0.68321 0.937905 -0.019832 0.0639133 -0.0620947 1.57831e+151 1.22842e+169 2.97047e-27 3.29878e-318 0.292023 0.0359652 0.125412
0.956298 -0.680257 0.938675 -0.0232633 0.0615872 -0.0613245 1.57831e+151 1.22842e+169 2.97047e-27 3.29878e-318 0.299813 0.0401579 0.136286
0.91866 -0.674859 0.940272 -0.026386 0.0590357 -0.0597279 1.57831e+151 1.22842e+169 2.97047e-27 3.29878e-318 0.290924 0.0413752 0.143692
0.880481 -0.667038 0.942714 -0.0291993 0.0562658 -0.0572863 1.57831e+151 1.22842e+169 2.97047e-27 3.29878e-318 0.268476 0.040039 0.146623
0.841798 -0.656877 0.945915 -0.0316979 0.0532332 -0.0540851 1.57831e+151 1.22842e+169 2.97047e-27 3.29878e-318 0.234193 0.0366222 0.144306
0.802634 -0.644427 0.949772 -0.0338913 0.0499342 -0.0502279 1.57831e+151 1.22842e+169 2.97047e-27 3.29878e-318 0.194768 0.032394 0.137739
0.763005 -0.629726 0.954161 -0.0357976 0.0463867 -0.0458385 1.57831e+151 1.22842e+169 2.97047e-27 3.29878e-318 0.154965 0.0276847 0.128463
0.722922 -0.612812 0.958955 -0.0374385 0.042619 -0.0410447 1.57831e+151 1.22842e+169 2.97047e-27 3.29878e-318 0.117165 0.0229397 0.117087
0.682398 -0.593731 0.964033 -0.038836 0.0386597 -0.0359668 1.57831e+151 1.22842e+169 2.97047e-27 3.29878e-318 0.0843108 0.0193439 0.105254
0.64145 -0.572558 0.969278 -0.0400087 0.0345166 -0.0307224 1.57831e+151 1.22842e+169 2.97047e-27 3.29878e-318 0.0580197 0.0168496 0.0940429
0.600095 -0.549369 0.974596 -0.0409749 0.0302046 -0.0254038 1.57831e+151 1.22842e+169 2.97047e-27 3.29878e-318 0.0394618 0.0171195 -6.19838
0.558353 -0.524254 0.979916 -0.041751 0.0257321 -0.0200835 1.57831e+151 1.22842e+169 2.97047e-27 3.29878e-318 0.0323721 0.0222947 -6.203
0.516246 -0.497303 0.985194 -0.0423525 0.0211174 -0.0148059 1.57831e+151 1.22842e+169 2.97047e-27 3.29878e-318 0.0395786 0.036164 0.0824132
0.473789 -0.468557 0.990442 -0.042801 0.0164315 -0.0095583 1.57831e+151 1.22842e+169 2.97047e-27 3.29878e-318 0.050197 0.0567314 0.0846488
0.431009 -0.43808 0.995701 -0.0431076 0.0117303 -0.00429922 1.57831e+151 1.22842e+169 2.97047e-27 3.29878e-318 0.0591158 0.0818119 0.0827683
0.387941 -0.405972 1.00101 -0.0432758 0.00704184 0.00101058 1.57831e+151 1.22842e+169 2.97047e-27 3.29878e-318 0.0655839 0.109792 0.0751264
0.344622 -0.372351 1.0064 -0.0433072 0.00238016 0.006404 1.57831e+151 1.22842e+169 2.97047e-27 3.29878e-318 0.070131 0.139323 0.0608376
0.301086 -0.337341 1.01191 -0.0432065 -0.00224128 0.0119149 1.57831e+151 1.22842e+169 2.97047e-27 3.29878e-318 0.0698769 0.16722 0.0373215
0.257363 -0.301072 1.01758 -0.0429818 -0.00680878 0.0175816 1.57831e+151 1.22842e+169 2.97047e-27 3.29878e-318 0.0706898 0.192456 0.00742699
0.21348 -0.26366 1.02346 -0.0426482 -0.0112941 0.0234572 1.57831e+151 1.22842e+169 2.97047e-27 3.29878e-318 0.0789941 0.209091 -0.0251743
0.169456 -0.225245 1.0296 -0.0422237 -0.0156836 0.0295966 1.57831e+151 1.22842e+169 2.97047e-27 3.29878e-318 0.098535 0.222492 -0.0597508
0.125304 -0.185963 1.03609 -0.0417383 -0.01996 0.0360917 1.57831e+151 1.22842e+169 2.97047e-27 3.29878e-318 0.131976 0.235422 -0.0953712
0.0810262 -0.145967 1.04308 -0.0412271 -0.0241208 0.0430849 1.57831e+151 1.22842e+169 2.97047e-27 3.29878e-318 0.175606 0.251579 -0.136869
0.0366346 -0.10548 1.05071 -0.0407202 -0.0282278 0.0507109 1.57831e+151 1.22842e+169 2.97047e-27 3.29878e-318 0.223995 0.261176 -0.184771
-0.00783685 -0.0647985 1.05898 -0.0402234 -0.0324194 0.0589786 1.57831e+151 1.22842e+169 2.97047e-27 3.29878e-318 0.275951 0.253379 -0.233051
-0.0523364 -0.0242203 1.06772 -0.0397256 -0.0368307 0.067724 1.57831e+151 1.22842e+169 2.97047e-27 3.29878e-318 0.330583 0.229921 -0.277201
-0.0968166 0.0160219 1.07676 -0.0392199 -0.0415324 0.0767578 1.57831e+151 1.22842e+169 2.97047e-27 3.29878e-318 0.392166 0.212517 -0.320116
-0.141232 0.0557171 1.08597 -0.0387013 -0.046574 0.0859715 1.57831e+151 1.22842e+169 2.97047e-27 3.29878e-318 0.45122 0.184609 -0.353997
-0.185543 0.0947761 1.09509 -0.03817 -0.0518837 0.095087 1.57831e+151 1.22842e+169 2.97047e-27 3.29878e-318 0.50019 0.14879 -0.374278
-0.229725 0.133147 1.1039 -0.0376432 -0.0573541 0.103902 1.57831e+151 1.22842e+169 2.97047e-27 3.29878e-318 0.536487 0.115058 -0.382475
-0.27376 0.170757 1.1123 -0.037142 -0.0628994 0.112297 1.57831e+151 1.22842e+169 2.97047e-27 3.29878e-318 0.559402 0.0870787 -0.380037
-0.317629 0.207526 1.12018 -0.0366871 -0.0684441 0.120182 1.57831e+151 1.22842e+169 2.97047e-27 3.29878e-318 0.569995 0.065745 -0.369112
-0.36131 0.243373 1.12748 -0.0362976 -0.0739188 0.127483 1.57831e+151 1.22842e+169 2.97047e-27 3.29878e-318 0.571051 0.0507195 5.93045
-0.404779 0.278202 1.13413 -0.0359885 -0.0792684 0.134135 1.57831e+151 1.22842e+169 2.97047e-27 3.29878e-318 0.563946 0.0405763 5.95041
-0.448008 0.311917 1.14008 -0.0357712 -0.0844462 0.140082 1.57831e+151 1.22842e+169 2.97047e-27 3.29878e-318 0.550339 0.0342676 5.9726
-0.490963 0.344405 1.14527 -0.0356509 -0.0894247 0.145275 1.57831e+151 1.22842e+169 2.97047e-27 3.29878e-318 0.531781 0.0307179 5.99498
-0.533604 0.37554 1.14967 -0.0356267 -0.094195 0.149673 1.57831e+151 1.22842e+169 2.97047e-27 3.29878e-318 0.509593 0.0291043 6.01751
-0.575889 0.405201 1.15324 -0.0356942 -0.0987481 0.153241 1.57831e+151 1.22842e+169 2.97047e-27 3.29878e-318 0.485331 0.0287033 6.03871
-0.617774 0.433275 1.15595 -0.0358474 -0.103074 0.15595 1.57831e+151 1.22842e+169 2.97047e-27 3.29878e-318 0.46284 0.0290903 -0.225637
-0.659213 0.459662 1.15778 -0.0360792 -0.107158 0.157779 1.57831e+151 1.22842e+169 2.97047e-27 3.29878e-318 0.441407 0.0297642 -0.208703
-0.700164 0.484274 1.15871 -0.0363832 -0.110977 0.15871 1.57831e+151 1.22842e+169 2.97047e-27 3.29878e-318 0.420645 0.0304023 -0.193265
-0.740582 0.507025 1.15873 -0.0367519 -0.114514 0.15873 1.57831e+151 1.22842e+169 2.97047e-27 3.29878e-318 0.400205 0.0307437 -0.178846
-0.780423 0.527838 1.15783 -0.0371766 -0.117753 0.157831 1.57831e+151 1.22842e+169 2.97047e-27 3.29878e-318 0.37906 0.0306478 -0.165483
-0.81964 0.546635 1.15601 -0.0376471 -0.120684 0.15601 1.57831e+151 1.22842e+169 2.97047e-27 3.29878e-318 0.357077 0.0300974 -0.152942
-0.858189 0.563345 1.15327 -0.0381524 -0.1233 0.153274 1.57831e+151 1.22842e+169 2.97047e-27 3.29878e-318 0.334453 0.0290894 -0.141257
-0.896023 0.577905 1.14964 -0.0386815 -0.125595 0.149637 1.57831e+151 1.22842e+169 2.97047e-27 3.29878e-318 0.309976 0.0275717 -0.130529
-0.933095 0.590247 1.14512 -0.039219 -0.127576 0.145121 1.57831e+151 1.22842e+169 2.97047e-27 3.29878e-318 0.286277 0.0259627 -0.120731
-0.96936 0.600331 1.13976 -0.039755 -0.129233 0.139758 1.57831e+151 1.22842e+169 2.97047e-27 3.29878e-318 0.261957 0.0239975 -0.11201
-1.00477 0.608105 1.13359 -0.0402754 -0.130573 0.133586 1.57831e+151 1.22842e+169 2.97047e-27 3.29878e-318 0.237195 0.0217402 -0.104495
-1.03929 0.613527 1.12665 -0.0407656 -0.131606 0.126648 1.57831e+151 1.22842e+169 2.97047e-27 3.29878e-318 0.212572 0.0196229 -0.097999
-1.07286 0.616574 1.119 -0.0412153 -0.132333 0.118995 1.57831e+151 1.22842e+169 2.97047e-27 3.29878e-318 0.187188 0.0173935 -0.0928017
-1.10546 0.617221 1.11068 -0.0416109 -0.132766 0.110684 1.57831e+151 1.22842e+169 2.97047e-27 3.29878e-318 0.161671 0.0152921 -0.0888136
-1.13703 0.615458 1.10177 -0.0419426 -0.132908 0.101775 1.57831e+151 1.22842e+169 2.97047e-27 3.29878e-318 0.135994 0.0134268 -0.0862367
-1.16754 0.611285 1.09233 -0.0422009 -0.132767 0.0923339 1.57831e+151 1.22842e+169 2.97047e-27 3.29878e-318 0.109986 0.0118075 -0.0852642
-1.19696 0.604709 1.08243 -0.0423752 -0.132352 0.0824303 1.57831e+151 1.22842e+169 2.97047e-27 3.29878e-318 0.0850467 0.0110328 -0.0854083
-1.22525 0.595762 1.07213 -0.0424636 -0.131656 0.0721327 1.57831e+151 1.22842e+169 2.97047e-27 3.29878e-318 0.0605201 0.0110552 -0.0870653
-1.25239 0.584478 1.06151 -0.0424624 -0.130677 0.0615097 1.57831e+151 1.22842e+169 2.97047e-27 3.29878e-318 0.0430529 0.0132771 -0.0903971
-1.27836 0.570932 1.05062 -0.0423832 -0.129388 0.0506198 1.57831e+151 1.22842e+169 2.97047e-27 3.29878e-318 0.0439737 0.0201598 -0.0924582
-1.30318 0.555261 1.03948 -0.0422675 -0.127703 0.0394817 1.57831e+151 1.22842e+169 2.97047e-27 3.29878e-318 0.0563643 0.0298957 -0.0908639
-1.32686 0.537585 1.02807 -0.0421479 -0.125565 0.0280716 1.57831e+151 1.22842e+169 2.97047e-27 3.29878e-318 0.0742093 0.0411714 -0.0870667
-1.3494 0.517983 1.01635 -0.0420389 -0.122966 0.0163535 1.57831e+151 1.22842e+169 2.97047e-27 3.29878e-318 0.0930189 0.0533328 -0.0834869
-1.37078 0.496516 1.00429 -0.0419428 -0.119926 0.00428978 1.57831e+151 1.22842e+169 2.97047e-27 3.29878e-318 0.108516 0.0652952 -0.0826131
-1.39095 0.473218 0.991854 -0.0418377 -0.116498 -0.00814568 1.57831e+151 1.22842e+169 2.97047e-27 3.29878e-318 0.117355 0.0756351 -0.0853251
-1.40985 0.448114 0.979038 -0.0416813 -0.112754 -0.0209623 1.57831e+151 1.22842e+169 2.97047e-27 3.29878e-318 0.118117 0.0835274 -0.0914443
-1.42742 0.421243 0.965849 -0.0414231 -0.108758 -0.0341513 1.57831e+151 1.22842e+169 2.97047e-27 3.29878e-318 0.109663 0.0883834 -0.101191
-1.44358 0.392646 0.952321 -0.0409979 -0.104582 -0.0476785 1.57831e+151 1.22842e+169 2.97047e-27 3.29878e-318 0.0931251 0.0903946 -0.113557
-1.45824 0.362387 0.938512 -0.0403436 -0.100276 -0.0614885 1.57831e+151 1.22842e+169 2.97047e-27 3.29878e-318 0.0683065 0.0896027 -0.128857
-1.47132 0.330529 0.924506 -0.039379 -0.0959059 -0.0754941 1.57831e+151 1.22842e+169 2.97047e-27 3.29878e-318 0.0371212 0.0863821 -0.145512
-1.48273 0.297164 0.910408 -0.0380386 -0.0915074 -0.0895918 1.57831e+151 1.22842e+169 2.97047e-27 3.29878e-318 0.00100791 0.0809634 -0.162173
-1.49243 0.262411 0.896334 -0.0362754 -0.0870981 -0.103666 1.57831e+151 1.22842e+169 2.97047e-27 3.29878e-318 -0.0366545 0.0738275 -0.176373
-1.50036 0.226411 0.882404 -0.0340677 -0.0826782 -0.117596 1.57831e+151 1.22842e+169 2.97047e-27 3.29878e-318 -0.0739597 0.0656212 -0.187659
-1.50653 0.189311 0.868738 -0.0314092 -0.0782457 -0.131262 1.57831e+151 1.22842e+169 2.97047e-27 3.29878e-318 -0.10841 0.0560445 -0.193829
-1.51096 0.151285 0.855426 -0.0283455 -0.0737762 -0.144574 1.57831e+151 1.22842e+169 2.97047e-27 3.29878e-318 -0.139785 0.04428 -0.194347
-1.5137 0.112497 0.842548 -0.0249239 -0.069259 -0.157452 1.57831e+151 1.22842e+169 2.97047e-27 3.29878e-318 -0.168232 0.0299419 -0.189301
-1.51479 0.0730998 0.830183 -0.0211893 -0.0646966 -0.169817 1.57831e+151 1.22842e+169 2.97047e-27 3.29878e-318 -0.194538 0.0129555 -0.179423
-1.51426 0.033237 0.818412 -0.0171761 -0.0601039 -0.181588 1.57831e+151 1.22842e+169 2.97047e-27 3.29878e-318 -0.218892 -0.00671153 -0.164556
-1.51214 -0.00694988 0.807304 -0.012927 -0.0554995 -0.192696 1.57831e+151 1.22842e+169 2.97047e-27 3.29878e-318 -0.242239 -0.0283771 -0.145971
-1.50847 -0.0473265 0.796936 -0.00846955 -0.0509101 -0.203064 1.57831e+151 1.22842e+169 2.97047e-27 3.29878e-318 -0.265059 -0.0510299 -0.124679
-1.50326 -0.0877599 0.787386 -0.00382866 -0.0463645 -0.212614 1.57831e+151 1.22842e+169 2.97047e-27 3.29878e-318 -0.28734 -0.0732038 -0.101689
-1.49654 -0.128118 0.778727 0.000971655 -0.0418924 -0.221273 1.57831e+151 1.22842e+169 2.97047e-27 3.29878e-318 -0.309353 -0.0936792 -0.0782029
-1.48834 -0.168268 0.771022 0.00590587 -0.0375228 -0.228978 1.57831e+151 1.22842e+169 2.97047e-27 3.29878e-318 -0.330813 -0.111259 -0.0551861
-1.4787 -0.208081 0.764318 0.0109395 -0.0332867 -0.235682 1.57831e+151 1.22842e+169 2.97047e-27 3.29878e-318 -0.351479 -0.125149 -0.0336084
-1.46766 -0.247432 0.758645 0.0160322 -0.0292175 -0.241355 1.57831e+151 1.22842e+169 2.97047e-27 3.29878e-318 -0.369046 -0.134103 -0.0142045
-1.45527 -0.286203 0.754013 0.0211354 -0.0253543 -0.245987 1.57831e+151 1.22842e+169 2.97047e-27 3.29878e-318 -0.370264 -0.13262 0.00156385
-1.44164 -0.324308 0.750341 0.0261538 -0.0217638 -0.249659 1.57831e+151 1.22842e+169 2.97047e-27 3.29878e-318 -0.357358 -0.124782 0.0150671
-1.42685 -0.361657 0.747512 0.0310092 -0.0185053 -0.252488 1.57831e+151 1.22842e+169 2.97047e-27 3.29878e-318 -0.332671 -0.112684 0.0259791
-1.41095 -0.398149 0.745417 0.0356593 -0.0156251 -0.254583 1.57831e+151 1.22842e+169 2.97047e-27 3.29878e-318 -0.300888 -0.100072 0.0367866
-1.394 -0.4337 0.743912 0.0400617 -0.013181 -0.256088 1.57831e+151 1.22842e+169 2.97047e-27 3.29878e-318 -0.261645 -0.0877588 0.0488032
-1.37603 -0.468237 0.742858 0.0441914 -0.0112359 -0.257142 1.57831e+151 1.22842e+169 2.97047e-27 3.29878e-318 -0.209971 -0.0663199 0.0469252
-1.3569 -0.501521 0.742332 0.0482 -0.00968281 -0.257668 1.57831e+151 1.22842e+169 2.97047e-27 3.29878e-318 -0.158002 -0.0539878 0.0574852
-1.33677 -0.533602 0.742023 0.0519472 -0.00869621 -0.257977 1.57831e+151 1.22842e+169 2.97047e-27 3.29878e-318 -0.107313 -0.0419259 0.0637557
-1.31558 -0.564335 0.741867 0.0555123 -0.00825143 -0.258133 1.57831e+151 1.22842e+169 2.97047e-27 3.29878e-318 -0.0599838 -0.0310069 0.0658401
-1.29325 -0.593564 0.741803 0.0589771 -0.00830331 -0.258197 1.57831e+151 1.22842e+169 2.97047e-27 3.29878e-318 -0.0291764 -0.0219445 0.0596951
-1.26967 -0.621041 0.741816 0.0624764 -0.00871012 -0.258184 1.57831e+151 1.22842e+169 2.97047e-27 3.29878e-318 -0.073503 -0.0197576 0.0476257
-1.24451 -0.646159 0.742091 0.0663488 -0.00896046 -0.257909 1.57831e+151 1.22842e+169 2.97047e-27 3.29878e-318 -0.0632145 -0.0155507 0.0428491
-1.21826 -0.669449 0.742407 0.0701434 -0.00967742 -0.257593 1.57831e+151 1.22842e+169 2.97047e-27 3.29878e-318 -0.0650481 -0.00985835 0.0310268
-1.19082 -0.690649 0.742835 0.0739643 -0.0106784 -0.257165 1.57831e+151 1.22842e+169 2.97047e-27 3.29878e-318 -0.0774201 -0.00319481 0.0162384
-1.16217 -0.709551 0.743442 0.0778496 -0.0118285 -0.256558 1.57831e+151 1.22842e+169 2.97047e-27 3.29878e-318 -0.103264 0.00476834 -0.000335306
-1.13233 -0.725942 0.74433 0.08182 -0.0129788 -0.25567 1.57831e+151 1.22842e+169 2.97047e-27 3.29878e-318 -0.137694 0.0133216 -0.0164523
-1.10136 -0.739732 0.745593 0.0858264 -0.0140935 -0.254407 1.57831e+151 1.22842e+169 2.97047e-27 3.29878e-318 -0.175891 0.0221855 -0.0319371
-1.06936 -0.750913 0.747318 0.0897912 -0.0152104 -0.252682 1.57831e+151 1.22842e+169 2.97047e-27 3.29878e-318 -0.215581 0.0310363 -0.0467695
-1.03643 -0.759509 0.749598 0.0936372 -0.0163915 -0.250402 1.57831e+151 1.22842e+169 2.97047e-27 3.29878e-318 -0.256472 0.0398522 -0.0616554
-1.00267 -0.765545 0.752541 0.0973034 -0.0176861 -0.247459 1.57831e+151 1.22842e+169 2.97047e-27 3.29878e-318 -0.296148 0.0486647 -0.0768806
-0.968153 -0.769062 0.756251 0.100735 -0.0191529 -0.243749 1.57831e+151 1.22842e+169 2.97047e-27 3.29878e-318 -0.331515 0.0571141 -0.0924548
-0.932963 -0.770135 0.760816 0.103877 -0.0208749 -0.239184 1.57831e+151 1.22842e+169 2.97047e-27 3.29878e-318 -0.360984 0.0647371 -0.107721
-0.897172 -0.76885 0.766296 0.106688 -0.0229359 -0.233704 1.57831e+151 1.22842e+169 2.97047e-27 3.29878e-318 -0.384139 0.0712544 -0.122556
-0.860838 -0.765281 0.772746 0.109138 -0.0253969 -0.227254 1.57831e+151 1.22842e+169 2.97047e-27 3.29878e-318 -0.400597 0.0765985 -0.136769
-0.824005 -0.759485 0.780211 0.111214 -0.0282931 -0.219789 1.57831e+151 1.22842e+169 2.97047e-27 3.29878e-318 -0.409452 0.0805509 -0.149613
-0.786705 -0.7515 0.788731 0.112916 -0.031633 -0.211269 1.57831e+151 1.22842e+169 2.97047e-27 3.29878e-318 -0.41066 0.0827296 -0.160538
-0.748959 -0.741358 0.798325 0.114254 -0.035406 -0.201675 1.57831e+151 1.22842e+169 2.97047e-27 3.29878e-318 -0.403828 0.0828547 -0.168614
-0.71078 -0.729078 0.808999 0.115248 -0.0395814 -0.191001 1.57831e+151 1.22842e+169 2.97047e-27 3.29878e-318 -0.39024 0.0813079 -0.173844
-0.672175 -0.714681 0.820724 0.115926 -0.0441214 -0.179276 1.57831e+151 1.22842e+169 2.97047e-27 3.29878e-318 -0.373341 0.0794407 -0.176762
-0.633137 -0.698156 0.833483 0.116326 -0.048947 -0.166517 1.57831e+151 1.22842e+169 2.97047e-27 3.29878e-318 -0.35586 0.0791732 -0.178588
-0.593662 -0.679497 0.847247 0.116489 -0.053975 -0.152753 1.57831e+151 1.22842e+169 2.97047e-27 3.29878e-318 -0.333516 0.0786855 -0.176194
-0.553749 -0.658705 0.861985 0.116451 -0.0591211 -0.138015 1.57831e+151 1.22842e+169 2.97047e-27 3.29878e-318 -0.3034 0.0772195 -0.167212
-0.5134 -0.635815 0.877627 0.116246 -0.0643277 -0.122373 1.57831e+151 1.22842e+169 2.97047e-27 3.29878e-318 -0.261058 0.075717 -0.148552
-0.472617 -0.610873 0.894078 0.115908 -0.0695382 -0.105922 1.57831e+151 1.22842e+169 2.97047e-27 3.29878e-318 -0.210038 0.0759457 -0.121744
-0.431402 -0.583932 0.911214 0.115474 -0.0746976 -0.0887862 1.57831e+151 1.22842e+169 2.97047e-27 3.29878e-318 -0.155304 0.0782661 -0.0897018
-0.389764 -0.555074 0.928884 0.114969 -0.0797737 -0.0711165 1.57831e+151 1.22842e+169 2.97047e-27 3.29878e-318 -0.102081 0.0821121 -0.0552608
-0.347721 -0.524397 0.946943 0.114415 -0.0847409 -0.0530574 1.57831e+151 1.22842e+169 2.97047e-27 3.29878e-318 -0.0575429 0.0854173 -0.0223571
-0.305302 -0.492032 0.965251 0.113822 -0.0896023 -0.0347485 1.57831e+151 1.22842e+169 2.97047e-27 3.29878e-318 -0.0216837 0.0895793 0.00915349
-0.26254 -0.458146 0.983686 0.113193 -0.0943907 -0.0163137 1.57831e+151 1.22842e+169 2.97047e-27 3.29878e-318 -0.00286615 0.0920131 0.0361006
-0.219485 -0.422958 1.00212 0.112521 -0.0991873 0.00211709 1.57831e+151 1.22842e+169 2.97047e-27 3.29878e-318 -0.00325887 0.090447 0.057969
-0.176198 -0.386773 1.02038 0.111781 -0.104151 0.0203786 1.57831e+151 1.22842e+169 2.97047e-27 3.29878e-318 -0.0163413 0.0799614 0.0779493
-0.132754 -0.349961 1.03824 0.110939 -0.109505 0.0382391 1.57831e+151 1.22842e+169 2.97047e-27 3.29878e-318 -0.0277617 0.0528039 0.0997392
-0.0892316 -0.312871 1.05542 0.109957 -0.115447 0.0554206 1.57831e+151 1.22842e+169 2.97047e-27 3.29878e-318 -0.0198343 -0.000875212 0.126656
-0.0456993 -0.275755 1.07166 0.108804 -0.122073 0.0716562 1.57831e+151 1.22842e+169 2.97047e-27 3.29878e-318 0.0181686 -0.0824509 0.161493
-0.00222059 -0.238765 1.08672 0.10746 -0.129378 0.0867229 1.57831e+151 1.22842e+169 2.97047e-27 3.29878e-318 0.0773948 -0.187064 0.200627
0.0411433 -0.202007 1.10043 0.105901 -0.137309 0.100431 1.57831e+151 1.22842e+169 2.97047e-27 3.29878e-318 0.146359 -0.31319 0.232747
0.0843331 -0.165568 1.11261 0.104111 -0.145792 0.112613 1.57831e+151 1.22842e+169 2.97047e-27 3.29878e-318 0.221085 -0.459986 0.246358
0.127301 -0.12951 1.12314 0.10208 -0.154727 0.123139 1.57831e+151 1.22842e+169 2.97047e-27 3.29878e-318 0.227899 -0.603432 0.195432
0.169952 -0.0939737 1.13175 0.0997556 -0.164093 0.131752 1.57831e+151 1.22842e+169 2.97047e-27 3.29878e-318 0.20704 -0.69369 0.127623
0.212319 -0.0588206 1.1386 0.0972101 -0.17359 0.138603 1.57831e+151 1.22842e+169 2.97047e-27 3.29878e-318 0.1831 -0.704133 0.0668852
0.254577 -0.0237738 1.14418 0.0946592 -0.18278 0.144181 1.57831e+151 1.22842e+169 2.97047e-27 3.29878e-318 0.169608 -0.671841 0.0124521
